4 9 1 6 2 10 3 0 8 13 7 5 12 14 15 11
0 1 2 3 4 5 10 11 9 13 7 15 8 12 6 14
0 5 2 3 1 4 7 15 13 9 6 14 8 12 11 10
4 1 3 15 5 6 7 2 12 8 9 14 13 0 10 11
4 1 3 7 8 5 11 6 14 2 0 15 9 12 10 13
0 3 6 7 2 9 1 11 4 13 5 10 8 12 14 15
1 6 11 3 4 2 12 7 8 5 0 15 13 9 14 10
1 2 0 13 9 5 3 6 4 14 11 7 8 12 10 15
7 1 6 3 2 0 13 11 4 8 5 15 12 10 9 14
2 6 0 3 1 7 11 10 8 13 4 9 5 12 14 15
0 5 2 3 1 9 14 7 4 10 6 15 8 13 11 12
4 2 7 3 6 5 1 11 8 10 15 14 12 13 9 0
1 5 3 11 4 9 10 7 0 8 2 15 12 13 6 14
4 1 5 2 11 3 6 10 8 9 7 15 12 13 14 0
1 5 7 2 10 9 3 11 8 6 0 15 4 12 13 14
5 4 1 2 8 6 11 3 10 12 7 14 9 0 13 15
1 11 2 6 4 9 5 10 8 13 7 3 12 0 14 15
5 4 6 2 1 12 9 3 13 11 10 7 8 0 14 15
4 2 0 7 9 1 3 6 13 8 14 11 5 12 15 10
1 9 2 3 6 10 7 11 5 4 8 14 12 0 13 15
1 5 0 2 6 9 10 3 4 8 13 7 12 11 14 15
4 2 7 1 5 8 11 0 9 10 3 6 12 13 14 15
6 1 10 2 4 13 5 3 8 9 7 11 12 14 15 0
1 5 3 7 2 10 8 6 4 13 0 11 12 14 9 15
10 5 1 2 13 4 7 3 8 6 9 11 12 0 14 15
4 1 5 2 13 14 9 3 8 6 0 7 12 15 11 10
2 8 9 3 1 10 7 11 4 5 0 15 12 13 6 14
4 9 7 2 5 0 1 3 8 14 10 11 12 6 13 15
4 2 3 7 1 0 8 11 12 6 10 9 13 5 14 15
5 4 6 3 8 13 1 10 0 2 9 7 12 14 11 15
0 4 5 3 1 6 8 7 9 12 2 11 14 13 10 15
6 4 7 3 1 11 5 15 8 2 0 10 12 9 13 14
4 1 3 11 5 7 10 8 12 6 0 2 13 14 9 15
1 9 5 2 12 10 4 3 8 6 15 7 13 14 11 0
1 5 3 6 4 11 2 15 8 9 0 10 12 14 13 7
9 5 1 7 4 10 2 0 8 11 6 3 12 13 14 15
1 5 3 7 4 0 2 6 12 9 11 13 14 8 10 15
5 10 2 3 1 13 4 6 8 11 7 15 9 0 12 14
4 9 10 3 5 2 6 7 8 11 1 15 12 0 13 14
1 10 5 3 4 2 7 14 0 8 6 11 12 9 15 13
1 14 5 3 4 2 15 7 8 9 0 11 12 10 13 6
1 2 3 7 4 14 5 11 15 6 0 9 8 12 13 10
4 1 3 7 5 8 2 11 12 14 0 10 13 6 9 15
1 2 6 3 9 4 7 11 12 8 13 15 5 0 14 10
0 2 7 3 1 5 11 10 6 9 13 14 4 8 12 15
5 4 1 3 8 2 15 7 13 6 0 14 9 10 12 11
12 8 1 3 5 4 2 11 0 6 7 15 13 9 10 14
0 10 14 3 4 5 2 7 12 1 6 11 9 8 13 15
4 5 10 3 8 2 1 7 9 13 15 6 12 0 14 11
4 10 1 2 8 5 7 6 0 9 3 11 12 13 14 15
4 1 3 7 8 5 14 11 12 9 0 2 13 10 15 6
6 4 0 7 1 8 3 2 5 10 15 11 12 9 13 14
1 6 4 2 10 0 7 3 5 8 9 15 12 13 11 14
4 1 3 11 5 7 10 2 8 6 14 15 9 12 13 0
1 4 6 5 8 2 14 3 9 10 0 7 12 11 13 15
0 5 3 6 10 4 1 9 2 8 11 7 12 13 14 15
1 5 2 3 12 4 9 11 0 13 14 6 8 7 10 15
1 2 4 3 13 8 5 7 0 12 6 15 9 14 11 10
2 6 0 7 1 10 3 11 5 8 4 14 12 9 13 15
5 1 2 3 8 7 11 0 10 4 14 6 12 9 13 15
0 4 5 2 8 6 14 3 9 1 7 11 12 10 13 15
1 2 10 3 13 8 9 7 4 5 0 6 12 14 11 15
0 6 2 7 9 1 3 11 4 8 5 15 12 13 10 14
8 4 1 2 9 5 6 3 0 11 7 15 14 12 10 13
4 1 2 3 12 0 5 11 8 9 10 7 13 14 15 6
1 6 10 3 8 2 7 11 4 9 13 15 5 12 14 0
1 2 3 7 8 6 10 11 4 12 5 15 9 13 14 0
1 5 2 3 4 14 13 10 8 9 0 7 12 15 11 6
1 8 5 2 6 0 10 3 4 15 13 7 12 9 11 14
1 5 2 3 15 4 10 7 0 6 14 11 9 8 12 13
0 1 2 3 4 8 7 6 12 9 15 5 13 14 10 11
1 5 3 9 4 0 10 2 8 6 7 15 12 11 13 14
4 10 0 2 5 11 3 6 8 1 15 7 12 9 13 14
8 4 6 3 9 2 10 7 12 13 1 11 5 14 15 0
5 9 2 3 1 6 12 0 4 13 11 7 14 10 8 15
7 4 2 3 1 0 6 11 8 5 15 9 12 13 14 10
2 5 4 3 8 9 6 7 10 13 1 14 12 0 15 11
1 5 0 2 6 10 7 3 4 9 14 13 12 15 8 11
1 2 3 11 4 10 6 15 8 7 5 9 12 0 13 14
4 1 3 7 12 2 5 6 8 14 10 15 13 0 11 9
0 4 2 6 5 1 7 3 14 11 10 15 8 12 9 13
0 2 7 3 1 6 4 11 8 13 14 10 12 5 9 15
4 1 9 2 5 10 3 0 13 11 15 7 8 12 14 6
4 1 7 2 8 5 6 0 12 14 9 11 13 10 3 15
1 9 2 3 5 8 11 6 12 10 4 7 13 0 14 15
4 3 1 7 2 9 10 0 8 5 14 6 12 13 15 11
4 5 1 3 8 12 7 0 9 2 10 11 13 6 14 15
2 1 3 10 5 6 9 7 8 4 0 11 12 13 14 15
10 4 6 2 8 5 1 3 0 9 7 11 12 13 14 15
4 2 3 6 8 1 13 7 9 15 0 5 12 14 11 10
8 4 2 3 13 1 5 7 14 6 11 15 9 0 10 12
4 1 2 3 13 8 7 14 5 12 6 11 9 15 10 0
1 12 5 3 4 14 2 6 0 13 9 7 8 15 10 11
5 4 7 2 8 3 1 11 12 10 9 6 13 0 14 15
8 1 5 3 4 2 7 10 12 14 6 11 13 15 9 0
4 10 2 3 5 1 6 14 8 13 0 9 12 15 7 11
6 5 4 1 2 0 7 3 8 9 13 10 12 14 15 11
4 1 7 6 9 2 3 11 0 10 5 14 8 12 13 15
1 2 3 7 13 12 4 6 9 5 11 15 8 14 10 0
1 5 3 7 8 0 11 4 12 2 9 6 13 14 10 15
